35.1074
34.9609
34.8486
34.77
34.7597
34.8244
34.9186
34.967
35.0006
35.1345
35.2803
35.3988
35.573
35.7852
35.9226
35.946
35.9487
35.9309
35.9128
35.8894
35.8015
35.7379
35.6656
35.615
35.6352
35.6564
35.5985
35.518
35.5058
35.5512
35.6008
35.6473
35.6781
35.7057
35.7657
35.836
35.9047
36.0027
36.1071
36.169
36.1953
36.2269
36.2391
36.2805
36.3325
36.38
36.4072
36.468
36.5404
36.5747
36.6304
36.7407
36.8782
37.0086
37.1521
37.2954
37.4292
37.6058
37.8023
37.9281
38.0121
38.0865
38.1723
38.2763
38.35
38.4359
38.4969
38.5858
38.7526
38.9616
39.1898
39.3669
39.5283
39.7324
39.9768
40.2123
40.364
40.4961
40.6308
40.7868
40.9667
41.1552
41.3213
41.4452
41.5647
41.7021
41.812
41.8669
41.9053
41.9696
41.9901
41.9842
41.9612
41.9513
41.9421
41.9034
41.8752
41.8535
41.8214
41.7702
41.6979
41.6713
41.6855
41.6872
41.6708
41.5878
41.564
41.5212
41.4738
41.403
41.3079
41.209
41.1121
41.0514
41.0177
41.0038
41.0298
41.0879
41.1762
41.331
41.5993
41.8987
42.2824
42.8387
43.5709
44.352
45.3451
46.2801
47.1599
47.7784
48.3162
48.9774
49.6908
50.454
51.3041
52.1197
52.938
53.7136
54.5601
55.4254
54.706
55.9376
58.1606
61.4432
64.3508
52.7864
54.6283
56.6751
58.8017
61.2827
38.4351
39.4894
40.2024
40.7431
41.0418
20.7393
20.6859
20.5511
20.3256
20.064
35.253
34.9137
34.544
34.4373
34.6966
34.9045
35.3043
35.5876
35.4515
35.1097
34.7535
34.8236
35.006
35.0981
35.0806
34.015
33.0284
32.4173
31.8482
31.3568
31.0994
30.9007
30.7067
30.3775
30.1484
30.0239
30.147
30.3112
30.802
31.4721
32.0985
32.3253
32.3495
32.9351
33.9046
35.3878
36.4234
37.2746
38.1533
38.914
39.1139
39.3556
39.2899
39.0564
38.6475
38.6475
38.6689
38.6003
38.508
38.7192
38.8338
39.1499
39.5466
39.984
40.5151
41.2574
42
42.8128
43.6472
44.5437
45.4361
46.3662
47.0843
47.7637
47.8717
47.612
47.0258
46.0318
45.252
44.8834
44.7906
44.4172
43.9906
43.8747
43.8568
43.6781
43.3698
42.9382
42.7261
42.4626
41.9362
41.3048
40.7455
40.3467
39.6188
38.4575
37.6689
36.815
35.8591
34.7961
33.3936
32.4041
31.5177
30.8259
30.5772
30.1657
30.0864
29.6697
29.1212
28.65
29.9389
29.5044
28.6893
27.4323
26.2047
29.2455
28.0181
26.5339
25.1415
24.7743
26.0978
26.7397
26.7523
26.4832
26.2416
27.9499
27.512
26.6852
25.666
24.9501
25.268
25.6794
26.7125
26.8162
26.4706
26.6695
26.2546
26.0075
26.2165
26.7847
28.444
28.6307
28.5605
28.4031
28.2651
28.2492
28.4094
28.815
29.3186
29.501
29.5832
29.1307
28.4687
27.6814
26.6046
24.9693
23.3181
21.3167
19.5704
18.5913
17.495
16.3071
15.0009
13.6134
12.231
11.1285
9.85475
8.56577
7.24039
5.87859
7.97516
6.87863
5.64107
4.39896
3.15986
5.07497
5.22877
4.76099
4.36697
3.90033
6.26502
6.53814
6.71992
7.17404
7.28266
7.31846
7.45206
7.64866
7.80579
7.95789
8.87943
9.21648
9.56794
9.93701
10.2817
5.64634
5.48998
5.21626
4.9964
4.96096
5.5934
5.89085
6.12262
6.31074
6.45975
9.45781
10.3558
11.0764
11.6758
12.0851
13.9862
14.6385
15.1764
15.6098
16.1238
16.8205
17.5754
18.3521
19.0938
19.8242
21.1901
21.907
22.8765
23.6778
24.5014
24.6541
25.3765
24.3105
25.0503
25.7931
23.3446
23.7466
23.4141
23.1991
23.0237
22.0612
21.7399
21.2272
20.7529
20.2841
20.3912
20.5442
20.6034
19.94
19.6494
20.5741
21.6368
22.8221
24.0314
25.0638
25.2
26.2194
27.6027
28.9936
29.803
30.4923
31.4509
32.0942
32.1519
31.9082
32.54
31.898
31.5085
30.6619
30.1552
30.0798
29.2771
27.8223
26.7769
26.7376
27.8438
27.5972
27.5135
27.5464
27.4362
27.4817
27.3038
27.2185
27.121
26.998
26.573
26.2373
26.1044
26.0931
25.9282
25.8501
25.7374
25.5654
25.5689
25.6495
25.1737
25.8599
26.5283
27.1218
28.0037
28.5692
28.9633
29.3126
29.7226
30.2947
30.3546
30.5269
30.5362
30.5475
30.466
30.9801
30.6993
30.3767
30.0208
29.6525
29.108
28.764
28.3099
27.7679
27.3001
26.704
26.4102
26.0688
25.7707
25.8478
22.6753
22.8393
23.0732
23.3472
23.5264

