0.00190626
0.00144281
0.00231656
0.00367308
0.00235958
0.00148691
0.00221669
0.00241206
0.00154426
1.04013
2.7146
4.95304
6.92028
8.89614
10.5632
11.9927
12.4841
12.1394
10.9813
8.16757
4.32892
1.9454
0.327429
0.0597433
-0.370541
-1.06617
-1.94104
-3.59394
-5.54461
-7.3558
-7.88535
-8.11395
-8.1686
-9.63711
-11.9781
-14.7916
-15.5686
-10.4939
-1.83933
6.53855
13.6075
18.2849
18.2349
12.739
6.44376
4.08201
5.87907
8.15189
11.0236
11.9224
9.53743
6.05156
6.02519
6.01665
5.85602
6.51453
6.83413
6.99878
7.62839
10.0637
11.3119
12.117
13.8128
14.0906
13.4531
12.0844
10.648
11.7016
14.7769
17.2772
19.2828
20.0786
19.2441
17.6154
14.484
11.1373
9.57499
7.7154
6.36301
5.3348
5.15367
4.14713
2.14107
-0.401695
-1.8721
-0.862816
3.60618
8.04103
11.3166
11.7118
8.49768
8.05609
9.65506
11.1775
13.6153
14.9839
15.9382
19.5306
23.6438
29.1852
35.698
39.1234
39.5444
40.1426
42.1725
45.1966
48.5007
47.6438
44.4341
41.2075
39.8491
40.6385
41.0099
38.9558
37.0023
35.1787
33.9887
35.1614
36.8262
35.9241
35.3541
32.3214
28.2971
25.2873
23.7562
24.7993
25.091
25.5958
28.3865
31.4579
35.8107
39.0733
38.8078
37.8039
38.0603
37.9795
39.1185
41.2231
42.2741
43.6068
45.2924
45.1867
46.0935
48.4266
50.9369
55.0424
58.9382
61.5987
64.2986
68.4021
72.2447
74.4133
75.5904
74.4304
71.5959
70.9768
72.3454
74.5202
75.5593
74.038
73.2561
72.8683
72.1287
71.3271
69.929
68.3205
66.5792
63.7254
59.1705
55.6304
54.8458
57.203
63.0405
68.9555
74.95
80.0529
81.8206
82.4983
85.7872
88.2029
89.5056
90.185
91.3998
94.521
97.504
97.6315
98.2622
97.9154
97.7666
97.9693
98.2171
95.7753
90.7954
85.7302
86.9069
91.5434
96.2634
100.359
101.433
101.03
99.6618
97.6137
96.4571
95.1792
93.2187
89.9556
88.5746
87.3586
85.9902
85.3682
86.7478
91.9927
97.591
100.861
102.04
101.857
101.571
102.953
104.138
105.056
104.433
102.769
101.874
102.58
104.256
106.161
108.594
110.138
111.28
114.399
119.26
121.41
120.004
116.18
113.491
115.164
119.675
123.153
125.642
127.854
128.965
129.97
130.567
130.762
130.044
127.941
125.312
122.173

